image: map.pgm
resolution: 0.020000
origin: [-1.140000, -17.040001, 0]
negate: 0
occupied_thresh: 0.65
free_thresh: 0.196

